This file contains melting curve densities for one or more "CustomSolutiontest = Na+: 0.301, Cl-: 0.301, K+: 0.02, Ca+2: 0.0001" salinity values.
  w_ppt = 0.000
P (MPa)                  rho_0.000 (kg/m3)       
 1.00000000000000006e-01  1.00018863256672807e+03
 2.92193877551021197e+00  1.00116039302382205e+03
 5.74387755102042341e+00  1.00258644763725556e+03
 8.56581632653063529e+00  1.00400089706741903e+03
 1.13877551020408472e+01  1.00541436373628221e+03
 1.42096938775510591e+01  1.00681797472770211e+03
 1.70316326530612727e+01  1.00821789841378597e+03
 1.98535714285714846e+01  1.00961376133428917e+03
 2.26755102040816965e+01  1.01100084869747377e+03
 2.54974489795919084e+01  1.01238400775477169e+03
 2.83193877551021203e+01  1.01376169348147300e+03
 3.11413265306123321e+01  1.01513397509817582e+03
 3.39632653061225440e+01  1.01649966859447352e+03
 3.67852040816327559e+01  1.01786404163350585e+03
 3.96071428571429678e+01  1.01921864315701782e+03
 4.24290816326531797e+01  1.02057425689122510e+03
 4.52510204081633916e+01  1.02191772751358701e+03
 4.80729591836736034e+01  1.02325494040348565e+03
 5.08948979591838153e+01  1.02460036705559151e+03
 5.37168367346940272e+01  1.02592682947409935e+03
 5.65387755102042391e+01  1.02726448364487419e+03
 5.93607142857144510e+01  1.02858018995479256e+03
 6.21826530612246628e+01  1.02988964567880930e+03
 6.50045918367348747e+01  1.03121496525885004e+03
 6.78265306122450795e+01  1.03251365226275288e+03
 7.06484693877552843e+01  1.03383115251217669e+03
 7.34704081632655033e+01  1.03512572048368543e+03
 7.62923469387757223e+01  1.03640792804239777e+03
 7.91142857142859270e+01  1.03771344337443657e+03
 8.19362244897961318e+01  1.03899273965456086e+03
 8.47581632653063508e+01  1.04029086965250553e+03
 8.75801020408165698e+01  1.04156076961617100e+03
 9.04020408163267746e+01  1.04281669313304587e+03
 9.32239795918369794e+01  1.04410316184843805e+03
 9.60459183673471983e+01  1.04535827053578873e+03
 9.88678571428574173e+01  1.04664728314060403e+03
 1.01689795918367622e+02  1.04788353325755293e+03
 1.04511734693877827e+02  1.04912442781496361e+03
 1.07333673469388046e+02  1.05040329500566759e+03
 1.10155612244898265e+02  1.05163550223757079e+03
 1.12977551020408470e+02  1.05290816987061908e+03
 1.15799489795918674e+02  1.05412004513752890e+03
 1.18621428571428893e+02  1.05538625361442041e+03
 1.21443367346939112e+02  1.05660086776194544e+03
 1.24265306122449317e+02  1.05781053396295192e+03
 1.27087244897959522e+02  1.05906696434631522e+03
 1.29909183673469755e+02  1.06026812496392017e+03
 1.32731122448979960e+02  1.06153189070629605e+03
 1.35553061224490165e+02  1.06271115620967589e+03
 1.38375000000000369e+02  1.06391316814072570e+03
