This file contains melting curve densities for one or more "MgSO4" salinity values.
  w_ppt = 0.000, 33.300, 66.700, 100.000
P (MPa)                  rho_0.000 (kg/m3)        rho_33.300 (kg/m3)       rho_66.700 (kg/m3)       rho_100.000 (kg/m3)     
 1.00000000000000006e-01  9.99775696677633618e+02  1.03502555793928627e+03  1.07097587648266767e+03  1.10808405858248102e+03
 1.64244897959183689e+01  1.00773530358439154e+03  1.04276817393116426e+03  1.07833348366438099e+03  1.11505337181659388e+03
 3.27489795918367363e+01  1.01567764342529324e+03  1.05032487063447343e+03  1.08550992861597388e+03  1.12184387476958000e+03
 4.90734693877551038e+01  1.02340749330569054e+03  1.05770641592668471e+03  1.09249693499720092e+03  1.12845196064210813e+03
 6.53979591836734642e+01  1.03094940227823440e+03  1.06491186772487367e+03  1.09931006604059849e+03  1.13488447421042292e+03
 8.17224489795918316e+01  1.03847634791800624e+03  1.07193520795091217e+03  1.10593935771269207e+03  1.14114052815554351e+03
 9.80469387755101991e+01  1.04563289662215152e+03  1.07879196093419182e+03  1.11238287705845778e+03  1.14721124243698978e+03
 1.14371428571428567e+02  1.05296189307214354e+03  1.08546950730529966e+03  1.11864409340313659e+03  1.15309365174402251e+03
 1.30695918367346934e+02  1.05973628483492871e+03  1.09197115573505425e+03  1.12471938209878977e+03  1.15878924396040134e+03
 1.47020408163265301e+02  1.06684669557641996e+03  1.09828673212377430e+03  1.13059986267850900e+03  1.16428572989589748e+03
 1.63344897959183669e+02  1.07323704491069248e+03  1.10441363176810569e+03  1.13628434154507636e+03  1.16958764839949208e+03
 1.79669387755102036e+02  1.08009432198450918e+03  1.11036177547100442e+03  1.14175487266749860e+03  1.17464844617553285e+03
 1.95993877551020404e+02  1.08609747542741297e+03  1.11598176926779502e+03  1.14698935130002997e+03  1.17955709742426711e+03
 2.12318367346938771e+02  1.09187097074980215e+03  1.12137409635227641e+03  1.15207057082659412e+03  1.18433072271266201e+03
 2.28642857142857139e+02  1.09740920592533939e+03  1.12659593037652326e+03  1.15700643850231700e+03  1.18897700118493731e+03
 2.44967346938775506e+02  1.10271288315344782e+03  1.13165746372959143e+03  1.16180486158232566e+03  1.19350361198531277e+03
 2.61291836734693902e+02  1.10784693250398641e+03  1.13656888880053634e+03  1.16647374732174626e+03  1.19791823425800703e+03
 2.77616326530612241e+02  1.11251865073876093e+03  1.14130053887022268e+03  1.17102089936264065e+03  1.20222843106241157e+03
 2.93940816326530637e+02  1.11730918884376251e+03  1.14586252764081996e+03  1.17545291684518361e+03  1.20644041597178330e+03
 3.10265306122449033e+02  1.12169274908679358e+03  1.15029284001208794e+03  1.17977562181155918e+03  1.21055953192316201e+03
 3.26589795918367372e+02  1.12621003730322604e+03  1.15460975978125680e+03  1.18397295907623925e+03  1.21459110734298565e+03
 3.42914285714285711e+02  1.13035384347670674e+03  1.15881235686082550e+03  1.18805947988601474e+03  1.21854047065769123e+03
 3.59238775510204107e+02  1.13466066401665057e+03  1.16276227419860243e+03  1.19196397172342745e+03  1.22241294456795572e+03
 3.75563265306122503e+02  1.13816626392267563e+03  1.16657918263027318e+03  1.19575108502613875e+03  1.22619234219464784e+03
 3.91887755102040842e+02  1.14229636310089541e+03  1.17030777720291508e+03  1.19944103671611174e+03  1.22983049618843529e+03
 4.08212244897959181e+02  1.14561459907319818e+03  1.17421427898998854e+03  1.20321807131689957e+03  1.23349025305868099e+03
 4.24536734693877577e+02  1.14957982992883603e+03  1.17774312550465811e+03  1.20673407902622466e+03  1.23698468786533067e+03
 4.40861224489795973e+02  1.15271778134909323e+03  1.18120849163569278e+03  1.21017279148752596e+03  1.24040269822096593e+03
 4.57185714285714312e+02  1.15653036039110816e+03  1.18458902563558240e+03  1.21353055834537440e+03  1.24373886855227965e+03
 4.73510204081632651e+02  1.15953287088661182e+03  1.18788904950067604e+03  1.21682445919207953e+03  1.24701264171643743e+03
 4.89834693877551047e+02  1.16320523371913509e+03  1.19114723446230369e+03  1.22004659592934422e+03  1.25022916222188451e+03
 5.06159183673469443e+02  1.16605275882782075e+03  1.19433401453948841e+03  1.22321406789388902e+03  1.25338281667289107e+03
 5.22483673469387782e+02  1.16959742202284838e+03  1.19745232145475666e+03  1.22631689896500825e+03  1.25647641873547286e+03
 5.38808163265306121e+02  1.17233223866434582e+03  1.20050503053835700e+03  1.22935772208449134e+03  1.25952404849135041e+03
 5.55132653061224460e+02  1.17576034947930270e+03  1.20351460269997779e+03  1.23233899118084582e+03  1.26251764353079875e+03
 5.71457142857142912e+02  1.17840005671358449e+03  1.20646465805809953e+03  1.23529497478963822e+03  1.26545906689697404e+03
 5.87781632653061251e+02  1.18171917463539558e+03  1.20937810023238603e+03  1.23819749649877804e+03  1.26836269674729010e+03
 6.04106122448979590e+02  1.18422717982844483e+03  1.21223744684528219e+03  1.24104861572102550e+03  1.27121845150785862e+03
 6.20430612244898043e+02  1.18744458817531404e+03  1.21504495463149942e+03  1.24385038234373087e+03  1.27404119717344702e+03
 6.36755102040816382e+02  1.18975063486754061e+03  1.21784562303122993e+03  1.24663905259558123e+03  1.27680648193661591e+03
 6.53079591836734721e+02  1.19287387024361692e+03  1.22036039932297308e+03  1.24924370781080302e+03  1.27951464467302321e+03
 6.69404081632653060e+02  1.19462147739938132e+03  1.22280056132572827e+03  1.25171124938215257e+03  1.28203896256400344e+03
 6.85728571428571399e+02  1.19765933771994969e+03  1.22521304539078096e+03  1.25416654137120281e+03  1.28454395588868761e+03
 7.02053061224489852e+02  1.19933095122719169e+03  1.22755528502978950e+03  1.25657699149699101e+03  1.28698900850969630e+03
 7.18377551020408191e+02  1.20229107943900385e+03  1.22989921588159177e+03  1.25894492156540377e+03  1.28939026666399945e+03
 7.34702040816326530e+02  1.20390993011981232e+03  1.23217742104415152e+03  1.26127246919425056e+03  1.29178093685026033e+03
 7.51026530612244983e+02  1.20680000636701584e+03  1.23443919079086641e+03  1.26356154767353769e+03  1.29411666109773319e+03
 7.67351020408163322e+02  1.20832701149997592e+03  1.23666254122829196e+03  1.26585358435678540e+03  1.29643059556505386e+03
 7.83675510204081661e+02  1.21115471695775750e+03  1.23887351635356185e+03  1.26811118384810084e+03  1.29870859314066752e+03
 8.00000000000000000e+02  1.21266552286587194e+03  1.24104878861700195e+03  1.27031506771962654e+03  1.30096861828362057e+03
