This file contains melting curve densities for one or more "CustomSolutionMgSO4 = Mg+2: 0.8307, SO4-2: 0.8307" salinity values.
  w_ppt = 0.000
P (MPa)                  rho_0.000 (kg/m3)       
 1.00000000000000006e-01  1.00018863256672762e+03
 3.17005102040816453e+01  1.01519068134326938e+03
 6.33010204081632892e+01  1.03010732891289058e+03
 9.49015306122449260e+01  1.04456021825304833e+03
 1.26502040816326570e+02  1.05856022345059091e+03
 1.58102551020408214e+02  1.07223347312862916e+03
 1.89703061224489858e+02  1.08561301397007082e+03
 2.21303571428571502e+02  1.09768431900602513e+03
 2.52904081632653146e+02  1.10775059265778873e+03
 2.84504591836734789e+02  1.11709373401465405e+03
 3.16105102040816462e+02  1.12590457786445836e+03
 3.47705612244898134e+02  1.13432157375494398e+03
 3.79306122448979750e+02  1.14164433257339465e+03
 4.10906632653061365e+02  1.14855596555570060e+03
 4.42507142857143037e+02  1.15520607167583239e+03
 4.74107653061224710e+02  1.16166219267403881e+03
 5.05708163265306325e+02  1.16780413835157947e+03
 5.37308673469387941e+02  1.17378181195190518e+03
 5.68909183673469556e+02  1.17955573739108559e+03
 6.00509693877551285e+02  1.18520864407849308e+03
 6.32110204081632901e+02  1.19066250498509862e+03
 6.63710714285714516e+02  1.19527470595408181e+03
 6.95311224489796246e+02  1.19980362933289553e+03
 7.26911734693877861e+02  1.20413283180164331e+03
 7.58512244897959476e+02  1.20834188231170538e+03
 7.90112755102041092e+02  1.21244705248726405e+03
 8.21713265306122707e+02  1.21660001182389578e+03
 8.53313775510204437e+02  1.22058312686580211e+03
 8.84914285714286052e+02  1.22450808795481544e+03
 9.16514795918367668e+02  1.22844318138115477e+03
 9.48115306122449397e+02  1.23225861569203539e+03
 9.79715816326531012e+02  1.23598672009581514e+03
 1.01131632653061263e+03  1.23972217501811451e+03
 1.04291683673469424e+03  1.24339972073344347e+03
 1.07451734693877575e+03  1.24698755418058136e+03
 1.10611785714285747e+03  1.25048875460843965e+03
 1.13771836734693898e+03  1.25394181974823914e+03
 1.16931887755102071e+03  1.25741951184492336e+03
 1.20091938775510243e+03  1.26077297863191893e+03
 1.23251989795918394e+03  1.26413876959268237e+03
 1.26412040816326567e+03  1.26748642978417297e+03
 1.29572091836734739e+03  1.27075130185119269e+03
 1.32732142857142890e+03  1.27402362198285664e+03
 1.35892193877551063e+03  1.27720710412797303e+03
 1.39052244897959235e+03  1.28039180831848080e+03
 1.42212295918367386e+03  1.28351455661079103e+03
 1.45372346938775559e+03  1.28657541005272788e+03
 1.48532397959183709e+03  1.28963687366697127e+03
 1.51692448979591882e+03  1.29261042429438339e+03
 1.54852500000000055e+03  1.29553140919712087e+03
