This file contains melting curve densities for one or more "NaCl" salinity values.
  w_ppt = 0.000, 17.500, 35.000
P (MPa)                  rho_0.000 (kg/m3)        rho_17.500 (kg/m3)       rho_35.000 (kg/m3)      
 1.00000000000000006e-01  9.99751622476907528e+02  1.01302791031404865e+03  1.02694849493058859e+03
 3.04575510204081645e+01  1.01467559495931027e+03  1.02757192406721879e+03  1.04110562120438817e+03
 6.08151020408163276e+01  1.02902604975652116e+03  1.04160734559724915e+03  1.05481701911153391e+03
 9.11726530612244801e+01  1.04286307217600643e+03  1.05520482570898230e+03  1.06814947606348960e+03
 1.21530204081632647e+02  1.05627301868405539e+03  1.06844329990002484e+03  1.08120937691284735e+03
 1.51887755102040813e+02  1.06935308232897455e+03  1.08139778198952627e+03  1.09403770269136317e+03
 1.82245306122448966e+02  1.08220444301290672e+03  1.09414259507725751e+03  1.10666732247942036e+03
 2.12602857142857147e+02  1.09418061219059518e+03  1.10597622454924976e+03  1.11834605031626074e+03
 2.42960408163265299e+02  1.10398697047616020e+03  1.11554000882702849e+03  1.12770355705477232e+03
 2.73317959183673509e+02  1.11312468936288724e+03  1.12448450285609033e+03  1.13645904192107764e+03
 3.03675510204081661e+02  1.12175298727398217e+03  1.13295243548113103e+03  1.14476965361174234e+03
 3.34033061224489813e+02  1.12997160508365641e+03  1.14105985830506916e+03  1.15271516547155716e+03
 3.64390612244897966e+02  1.13734997603205693e+03  1.14827452616803885e+03  1.15985006582479195e+03
 3.94748163265306118e+02  1.14416204116907261e+03  1.15496473345357413e+03  1.16641547136384543e+03
 4.25105714285714328e+02  1.15067915813938725e+03  1.16138020103204985e+03  1.17275358130498444e+03
 4.55463265306122480e+02  1.15696570497641392e+03  1.16758271672529077e+03  1.17886380124320976e+03
 4.85820816326530633e+02  1.16299811568561745e+03  1.17357449374365729e+03  1.18474358429930521e+03
 5.16178367346938785e+02  1.16883603512708760e+03  1.17935340513623646e+03  1.19047932676854066e+03
 5.46535918367346994e+02  1.17450446860974148e+03  1.18494161636738158e+03  1.19603216542334553e+03
 5.76893469387755090e+02  1.17999354123168564e+03  1.19038801005326968e+03  1.20142009743957783e+03
 6.07251020408163299e+02  1.18532089168760558e+03  1.19570987008982434e+03  1.20665908943122008e+03
 6.37608571428571395e+02  1.19019667172025811e+03  1.20055458271915927e+03  1.21151579071821766e+03
 6.67966122448979604e+02  1.19460105466442610e+03  1.20496315578354393e+03  1.21587702313826549e+03
 6.98323673469387813e+02  1.19891338136667127e+03  1.20928519978678059e+03  1.22009396283999718e+03
 7.28681224489795909e+02  1.20314391314259910e+03  1.21346832841900505e+03  1.22430048315487056e+03
 7.59038775510204118e+02  1.20857256489079714e+03  1.21888779428624434e+03  1.22969095008165846e+03
 7.89396326530612214e+02  1.21257709879169761e+03  1.22285196617908423e+03  1.23362410539466759e+03
 8.19753877551020423e+02  1.21649745986635594e+03  1.22676629229192963e+03  1.23754347931442726e+03
 8.50111428571428632e+02  1.22031162518933206e+03  1.23063923990222997e+03  1.24133269945449251e+03
 8.80468979591836728e+02  1.22408767704512798e+03  1.23438350503400693e+03  1.24512108437319466e+03
 9.10826530612244937e+02  1.22779934461426888e+03  1.23812748855079667e+03  1.24881924366073758e+03
 9.41184081632653033e+02  1.23148206808625400e+03  1.24178275142518646e+03  1.25246221349540792e+03
 9.71541632653061242e+02  1.23507884415259014e+03  1.24538470343915128e+03  1.25608494647033785e+03
 1.00189918367346945e+03  1.23862508449177744e+03  1.24893777953754943e+03  1.25959979796384960e+03
 1.03225673469387743e+03  1.24209413052418495e+03  1.25244569246215542e+03  1.26310255550144029e+03
 1.06261428571428564e+03  1.24551939156075150e+03  1.25588064590094814e+03  1.26659522892394807e+03
 1.09297183673469385e+03  1.24893361586831247e+03  1.25930583532198489e+03  1.26995871490576724e+03
 1.12332938775510183e+03  1.25224849095019817e+03  1.26263282741709190e+03  1.27334660599942254e+03
 1.15368693877551004e+03  1.25555727428058390e+03  1.26592470705909682e+03  1.27667043379519464e+03
 1.18404448979591825e+03  1.25880244314341940e+03  1.26924358146834538e+03  1.27993292346705880e+03
 1.21440204081632646e+03  1.26201683829033891e+03  1.27244278737334366e+03  1.28316669754792224e+03
 1.24475959183673467e+03  1.26520289798469867e+03  1.27564416350170791e+03  1.28637410887701026e+03
 1.27511714285714265e+03  1.26830391124793118e+03  1.27879058117309592e+03  1.28952789392184968e+03
 1.30547469387755086e+03  1.27141024378065549e+03  1.28188423804416720e+03  1.29268844879549533e+03
 1.33583224489795907e+03  1.27446464140306693e+03  1.28495600358957313e+03  1.29574086344362922e+03
 1.36618979591836728e+03  1.27749752838992754e+03  1.28800691195967511e+03  1.29883153153916783e+03
 1.39654734693877549e+03  1.28048087231018690e+03  1.29100899982636133e+03  1.30184574046794228e+03
 1.42690489795918347e+03  1.28341554887224538e+03  1.29399171802525348e+03  1.30484179698260732e+03
 1.45726244897959168e+03  1.28635914294575309e+03  1.29692682235268194e+03  1.30779152911057486e+03
 1.48761999999999989e+03  1.28922603506342944e+03  1.29981461101407649e+03  1.31072347699767465e+03
