This file contains melting curve densities for one or more "CustomSolutionSeawater = NH4+: 0.5, Cl-: 0.5657647, Na+: 0.4860597, Mg+2: 0.0547421, Ca+2: 0.0106568, K+: 0.0105797, SO4-2: 0.0292643" salinity values.
  w_ppt = 0.000
P (MPa)                  rho_0.000 (kg/m3)       
 1.00000000000000006e-01  1.00018863256672796e+03
 4.13214285714286245e+00  1.00176706697687314e+03
 8.16428571428572525e+00  1.00379750092756149e+03
 1.21964285714285889e+01  1.00581533821982327e+03
 1.62285714285714526e+01  1.00781797392655244e+03
 2.02607142857143145e+01  1.00981223503448109e+03
 2.42928571428571800e+01  1.01179406966617159e+03
 2.83250000000000419e+01  1.01376461460142241e+03
 3.23571428571429038e+01  1.01572505952125164e+03
 3.63892857142857693e+01  1.01767438737555665e+03
 4.04214285714286277e+01  1.01961301838204940e+03
 4.44535714285714931e+01  1.02154098252255471e+03
 4.84857142857143586e+01  1.02346148852916053e+03
 5.25178571428572170e+01  1.02536869627201395e+03
 5.65500000000000824e+01  1.02726954178560959e+03
 6.05821428571429408e+01  1.02915594950723744e+03
 6.46142857142857991e+01  1.03103704594181863e+03
 6.86464285714286575e+01  1.03290847058429381e+03
 7.26785714285715301e+01  1.03477021573553247e+03
 7.67107142857143884e+01  1.03662235574185252e+03
 8.07428571428572468e+01  1.03846497708991978e+03
 8.47750000000001194e+01  1.04029816959282653e+03
 8.88071428571429777e+01  1.04212201225759122e+03
 9.28392857142858361e+01  1.04393657979812997e+03
 9.68714285714287087e+01  1.04574192516715357e+03
 1.00903571428571567e+02  1.04754807345664517e+03
 1.04935714285714425e+02  1.04934603698233582e+03
 1.08967857142857284e+02  1.05113585808487414e+03
 1.13000000000000156e+02  1.05291758512815727e+03
 1.17032142857143015e+02  1.05467946830262463e+03
 1.21064285714285873e+02  1.05644465953405847e+03
 1.25096428571428746e+02  1.05820182704060517e+03
 1.29128571428571604e+02  1.05995098595389231e+03
 1.33160714285714477e+02  1.06170567737479200e+03
 1.37192857142857321e+02  1.06343929833083939e+03
 1.41225000000000193e+02  1.06516496992921066e+03
 1.45257142857143066e+02  1.06689746853233532e+03
 1.49289285714285910e+02  1.06860772684991025e+03
 1.53321428571428783e+02  1.07032565816565489e+03
 1.57353571428571655e+02  1.07202062555550583e+03
 1.61385714285714499e+02  1.07372410905870015e+03
 1.65417857142857372e+02  1.07542058899955259e+03
 1.69450000000000244e+02  1.07711008291064513e+03
 1.73482142857143089e+02  1.07879261435838976e+03
 1.77514285714285961e+02  1.08046821365949859e+03
 1.81546428571428834e+02  1.08215496079961781e+03
 1.85578571428571678e+02  1.08381714853374251e+03
 1.89610714285714550e+02  1.08547253657877968e+03
 1.93642857142857423e+02  1.08714019291018826e+03
 1.97675000000000267e+02  1.08880180000269797e+03
