This file contains melting curve densities for one or more "CustomSolutionSeawater = Cl-: 0.1885882, Na+: 0.1620199, Mg+2: 0.0182474, Ca+2: 0.0035523, K+: 0.0035266, SO4-2: 0.0097548" salinity values.
  w_ppt = 0.000
P (MPa)                  rho_0.000 (kg/m3)       
 1.00000000000000006e-01  1.00018863256672785e+03
 2.32673197278920579e-01  1.00018863256672785e+03
 3.65346394557841125e-01  1.00018863256672785e+03
 4.98019591836761699e-01  1.00018863256672785e+03
 6.30692789115682273e-01  1.00018863256672785e+03
 7.63365986394602847e-01  1.00018863256672785e+03
 8.96039183673523421e-01  1.00018863256672785e+03
 1.02871238095244411e+00  1.00020332078489560e+03
 1.16138557823136468e+00  1.00027118395448099e+03
 1.29405877551028525e+00  1.00033903411386450e+03
 1.42673197278920583e+00  1.00040687068101045e+03
 1.55940517006812640e+00  1.00047125958167987e+03
 1.69207836734704697e+00  1.00053909535172693e+03
 1.82475156462596755e+00  1.00060691574692510e+03
 1.95742476190488812e+00  1.00067472018685612e+03
 2.09009795918380847e+00  1.00074250809110254e+03
 2.22277115646272927e+00  1.00080693762697581e+03
 2.35544435374165007e+00  1.00087471872155231e+03
 2.48811755102057042e+00  1.00094248150632370e+03
 2.62079074829949077e+00  1.00101022539646920e+03
 2.75346394557841156e+00  1.00107794980712924e+03
 2.88613714285733236e+00  1.00114240471013159e+03
 3.01881034013625271e+00  1.00121011631868748e+03
 3.15148353741517306e+00  1.00127780667999195e+03
 3.28415673469409386e+00  1.00134547523288882e+03
 3.41682993197301466e+00  1.00140993567135820e+03
 3.54950312925193501e+00  1.00147758680445429e+03
 3.68217632653085536e+00  1.00154521443772853e+03
 3.81484952380977616e+00  1.00161281800664074e+03
 3.94752272108869695e+00  1.00168039689127875e+03
 4.08019591836761730e+00  1.00174485626262390e+03
 4.21286911564653721e+00  1.00181241170175679e+03
 4.34554231292545801e+00  1.00187994051395424e+03
 4.47821551020437880e+00  1.00194744205694064e+03
 4.61088870748329960e+00  1.00201491581592688e+03
 4.74356190476221951e+00  1.00207935904266071e+03
 4.87623510204114030e+00  1.00214680419925344e+03
 5.00890829932006110e+00  1.00221422065801391e+03
 5.14158149659898100e+00  1.00228160811968314e+03
 5.27425469387790180e+00  1.00234896644606022e+03
 5.40692789115682260e+00  1.00241338613122900e+03
 5.53960108843574339e+00  1.00248071674514642e+03
 5.67227428571466419e+00  1.00254802113437381e+03
 5.80494748299358410e+00  1.00261530037148680e+03
 5.93762068027250489e+00  1.00268255552906101e+03
 6.07029387755142569e+00  1.00274978767967252e+03
 6.20296707483034560e+00  1.00281699789589663e+03
 6.33564027210926639e+00  1.00288418725030942e+03
 6.46831346938818719e+00  1.00295135681548686e+03
 6.60098666666710798e+00  1.00301850766400435e+03
