This file contains melting curve densities for one or more "CustomSolutionSeawaterPlusAmmonia = Na+: 0.486, Cl-: 0.566, K+: 0.011, Ca+2: 0.011, SO4-2: 0.029, Mg+2: 0.055, NH3: 0.5" salinity values.
  w_ppt = 0.000
P (MPa)                  rho_0.000 (kg/m3)       
 1.00000000000000006e-01  1.00018863256672751e+03
 2.90663265306124075e+00  1.00115259169124533e+03
 5.71326530612248096e+00  1.00257093387198927e+03
 8.51989795918372117e+00  1.00397773640551588e+03
 1.13265306122449623e+01  1.00538365372788439e+03
 1.41331632653062034e+01  1.00677976667611597e+03
 1.69397959183674445e+01  1.00817228170483907e+03
 1.97464285714286873e+01  1.00956085576164105e+03
 2.25530612244899267e+01  1.01094064026274259e+03
 2.53596938775511660e+01  1.01231664228307852e+03
 2.81663265306124089e+01  1.01368718718486332e+03
 3.09729591836736482e+01  1.01505242714320957e+03
 3.37795918367348875e+01  1.01641119085045318e+03
 3.65862244897961304e+01  1.01776860096377379e+03
 3.93928571428573733e+01  1.01911643528041816e+03
 4.21994897959186090e+01  1.02045812832969420e+03
 4.50061224489798519e+01  1.02180209821332130e+03
 4.78127551020410948e+01  1.02313279190135984e+03
 5.06193877551023306e+01  1.02447156380596402e+03
 5.34260204081635734e+01  1.02579164945614707e+03
 5.62326530612248163e+01  1.02710556477296541e+03
 5.90392857142860521e+01  1.02843224588200837e+03
 6.18459183673472950e+01  1.02973554978280958e+03
 6.46525510204085236e+01  1.03105453542972487e+03
 6.74591836734697665e+01  1.03234721160964386e+03
 7.02658163265310094e+01  1.03363998341062302e+03
 7.30724489795922523e+01  1.03494713431747300e+03
 7.58790816326534951e+01  1.03622355463362578e+03
 7.86857142857147380e+01  1.03752306910411630e+03
 8.14923469387759667e+01  1.03879665099748649e+03
 8.42989795918372096e+01  1.04006501752443955e+03
 8.71056122448984524e+01  1.04135321369012217e+03
 8.99122448979596953e+01  1.04260368881201930e+03
 9.27188775510209382e+01  1.04388444304840004e+03
 9.55255102040821811e+01  1.04513413756706223e+03
 9.83321428571434240e+01  1.04636905467513861e+03
 1.01138775510204653e+02  1.04764850347096967e+03
 1.03945408163265895e+02  1.04888416556606990e+03
 1.06752040816327138e+02  1.05015750040200851e+03
 1.09558673469388381e+02  1.05138458730690400e+03
 1.12365306122449624e+02  1.05259539031476970e+03
 1.15171938775510867e+02  1.05385879652952008e+03
 1.17978571428572096e+02  1.05507209032716787e+03
 1.20785204081633339e+02  1.05632942477473034e+03
 1.23591836734694581e+02  1.05753426859187448e+03
 1.26398469387755824e+02  1.05873424838361620e+03
 1.29205102040817053e+02  1.05998198964598032e+03
 1.32011734693878310e+02  1.06117360882872003e+03
 1.34818367346939539e+02  1.06241533198508705e+03
 1.37625000000000796e+02  1.06361265483341981e+03
