This file contains melting curve densities for one or more "Seawater" salinity values.
  w_ppt = 0.000, 17.583, 35.165, 52.748
P (MPa)                  rho_0.000 (kg/m3)        rho_17.583 (kg/m3)       rho_35.165 (kg/m3)       rho_52.748 (kg/m3)      
 1.00000000000000006e-01  9.99719653564781083e+02  1.01389411725597370e+03  1.02810712784238558e+03  1.04242468220310025e+03
 4.17959183673469337e+00  1.00173224431584549e+03  1.01575727219511816e+03  1.02995165489044780e+03  1.04428651423005363e+03
 8.25918367346938709e+00  1.00373529461960527e+03  1.01768453274535602e+03  1.03184708152181906e+03  1.04617782818600904e+03
 1.23387755102040817e+01  1.00573410121038910e+03  1.01965251416186152e+03  1.03378277376067285e+03  1.04807577374816879e+03
 1.64183673469387763e+01  1.00772530830859284e+03  1.02164856100648331e+03  1.03573198797154578e+03  1.04998305344944333e+03
 2.04979591836734691e+01  1.00971092949710226e+03  1.02365421141846070e+03  1.03769178818692808e+03  1.05188518321851848e+03
 2.45775510204081655e+01  1.01169071411296159e+03  1.02565312257793107e+03  1.03964477992352158e+03  1.05377577534415855e+03
 2.86571428571428584e+01  1.01366343803762550e+03  1.02764077242316307e+03  1.04158191692512469e+03  1.05565036435681031e+03
 3.27367346938775512e+01  1.01562976963944868e+03  1.02960578842852374e+03  1.04349691958822632e+03  1.05750634646676463e+03
 3.68163265306122440e+01  1.01759004658569108e+03  1.03154460616854544e+03  1.04538621048109189e+03  1.05934289535775292e+03
 4.08959183673469369e+01  1.01954070299853424e+03  1.03345062042263271e+03  1.04724881592464226e+03  1.06116085433598892e+03
 4.49755102040816297e+01  1.02148188672738627e+03  1.03532581675544725e+03  1.04909056345048589e+03  1.06296260483463720e+03
 4.90551020408163296e+01  1.02341191589320613e+03  1.03717352905027155e+03  1.05090794849831582e+03  1.06475858124392425e+03
 5.31346938775510225e+01  1.02532815558324160e+03  1.03900785136274976e+03  1.05271940709468186e+03  1.06654105723762927e+03
 5.72142857142857153e+01  1.02722367247265402e+03  1.04083104001291986e+03  1.05452066344496507e+03  1.06832723732838008e+03
 6.12938775510204081e+01  1.02910043056513746e+03  1.04265857247497524e+03  1.05632850684909272e+03  1.07011167419824096e+03
 6.53734693877550939e+01  1.03095758032766435e+03  1.04448871823718264e+03  1.05813687639070326e+03  1.07189348199824167e+03
 6.94530612244897867e+01  1.03279495740567609e+03  1.04631171638864407e+03  1.05993239649419615e+03  1.07365949419510366e+03
 7.35326530612244795e+01  1.03462325957988082e+03  1.04814018275649460e+03  1.06173021742830679e+03  1.07542722065211319e+03
 7.76122448979591724e+01  1.03644672145501818e+03  1.04996167887138540e+03  1.06351749673560880e+03  1.07719672942217881e+03
 8.16918367346938652e+01  1.03826916625471313e+03  1.05177332444252852e+03  1.06529267872934793e+03  1.07894456889620369e+03
 8.57714285714285580e+01  1.04009162942369016e+03  1.05358441291297891e+03  1.06706751419571424e+03  1.08068163246886047e+03
 8.98510204081632509e+01  1.04191263428819684e+03  1.05537469283092832e+03  1.06882031905709846e+03  1.08240825927357218e+03
 9.39306122448979437e+01  1.04373774392990867e+03  1.05715589945583542e+03  1.07056501929784099e+03  1.08413790084962966e+03
 9.80102040816326507e+01  1.04554610009388193e+03  1.05894078617876653e+03  1.07231558616239568e+03  1.08584590467001613e+03
 1.02089795918367344e+02  1.04735431780396084e+03  1.06070742585288690e+03  1.07404754102428706e+03  1.08755839509061025e+03
 1.06169387755102036e+02  1.04914214867715509e+03  1.06247965691995591e+03  1.07578655118811139e+03  1.08924961079748050e+03
 1.10248979591836729e+02  1.05093074129044817e+03  1.06423333912213457e+03  1.07751983996148829e+03  1.09094688717983036e+03
 1.14328571428571422e+02  1.05270032479243878e+03  1.06599367668619993e+03  1.07923280754851112e+03  1.09263755831752087e+03
 1.18408163265306115e+02  1.05447486184941704e+03  1.06774824091279629e+03  1.08095309408425487e+03  1.09432214770752626e+03
 1.22487755102040808e+02  1.05624397620012837e+03  1.06949721443816316e+03  1.08266710768643793e+03  1.09600095013952773e+03
 1.26567346938775501e+02  1.05800778623362271e+03  1.07124079659781228e+03  1.08437512638784983e+03  1.09767419635326655e+03
 1.30646938775510193e+02  1.05976620803891842e+03  1.07297916899702705e+03  1.08607743937693249e+03  1.09934208475599280e+03
 1.34726530612244886e+02  1.06151899105019811e+03  1.07471249861317074e+03  1.08779053438307392e+03  1.10102024284305162e+03
 1.38806122448979579e+02  1.06328006993316808e+03  1.07644094907451677e+03  1.08948273130708253e+03  1.10267818854933739e+03
 1.42885714285714272e+02  1.06502162468376514e+03  1.07818155708505719e+03  1.09118710893369166e+03  1.10434730733547849e+03
 1.46965306122448965e+02  1.06675803292908199e+03  1.07990160181021270e+03  1.09287044558624120e+03  1.10599618745817543e+03
 1.51044897959183658e+02  1.06850584728435683e+03  1.08163547150263594e+03  1.09456738741592130e+03  1.10765729391031095e+03
 1.55124489795918350e+02  1.07023461836610568e+03  1.08334846404999575e+03  1.09624315898603140e+03  1.10931490722214994e+03
 1.59204081632653043e+02  1.07197736170785856e+03  1.08507697043892722e+03  1.09793395528464680e+03  1.11096928795491863e+03
 1.63283673469387736e+02  1.07371885218980310e+03  1.08680360224147694e+03  1.09962240789359839e+03  1.11262077054883594e+03
 1.67363265306122429e+02  1.07544128561381558e+03  1.08852887057622092e+03  1.10130907131032836e+03  1.11426990605032779e+03
 1.71442857142857122e+02  1.07718039691496119e+03  1.09025331324869785e+03  1.10299454306424491e+03  1.11591730022700540e+03
 1.75522448979591815e+02  1.07891878344809857e+03  1.09197746944858409e+03  1.10467943158672006e+03  1.11758127902683805e+03
 1.79602040816326507e+02  1.08065652143517877e+03  1.09370187744855843e+03  1.10638467149265330e+03  1.11922725528516662e+03
 1.83681632653061200e+02  1.08239366028225322e+03  1.09542707249332875e+03  1.10807060786256670e+03  1.12089143301406330e+03
 1.87761224489795893e+02  1.08415098692528659e+03  1.09715358487883850e+03  1.10977883323862966e+03  1.12253859864168930e+03
 1.91840816326530586e+02  1.08588750829045102e+03  1.09890465632286555e+03  1.11146834186217143e+03  1.12420562625371349e+03
 1.95920408163265307e+02  1.08762347326301233e+03  1.10063583586857226e+03  1.11318208313788682e+03  1.12587518690095135e+03
 2.00000000000000000e+02  1.08938109922557169e+03  1.10239350767299743e+03  1.11489970280462899e+03  1.12754800357396562e+03
