This file contains melting curve densities for one or more "PureH2O" salinity values.
  w_ppt = 0.000
P (MPa)                  rho_0.000 (kg/m3)       
 1.00000000000000006e-01  1.00004005615396386e+03
 1.59444962983018126e+01  1.00792336557661224e+03
 3.17889925966036273e+01  1.01563405883800692e+03
 4.76334888949054402e+01  1.02318738803773067e+03
 6.34779851932072532e+01  1.03059489271763141e+03
 7.93224814915090519e+01  1.03787342147827667e+03
 9.51669777898108720e+01  1.04502822928582145e+03
 1.11011474088112692e+02  1.05207619581674089e+03
 1.26855970386414498e+02  1.05900245470552272e+03
 1.42700466684716304e+02  1.06584756785249488e+03
 1.58544962983018110e+02  1.07259371213042732e+03
 1.74389459281319944e+02  1.07926412823752435e+03
 1.90233955579621750e+02  1.08583476398652692e+03
 2.06078451877923555e+02  1.09218695908398058e+03
 2.21922948176225390e+02  1.09750071851946359e+03
 2.37767444474527196e+02  1.10262212737263235e+03
 2.53611940772829001e+02  1.10757573557848036e+03
 2.69456437071130836e+02  1.11235920888574879e+03
 2.85300933369432641e+02  1.11701149587677628e+03
 3.01145429667734447e+02  1.12154550796833655e+03
 3.16989925966036253e+02  1.12594667589528490e+03
 3.32834422264338116e+02  1.13025135200226578e+03
 3.48678918562639922e+02  1.13433227622783284e+03
 3.64523414860941728e+02  1.13802281025124989e+03
 3.80367911159243533e+02  1.14160048004579380e+03
 3.96212407457545339e+02  1.14570957830919906e+03
 4.12056903755847145e+02  1.14914927142936244e+03
 4.27901400054148951e+02  1.15249610413267169e+03
 4.43745896352450814e+02  1.15581577696601380e+03
 4.59590392650752619e+02  1.15902337454896588e+03
 4.75434888949054425e+02  1.16218324685306789e+03
 4.91279385247356231e+02  1.16526895826258897e+03
 5.07123881545658037e+02  1.16831547557836325e+03
 5.22968377843959843e+02  1.17129549913167943e+03
 5.38812874142261649e+02  1.17424398798589459e+03
 5.54657370440563454e+02  1.17713210928726744e+03
 5.70501866738865260e+02  1.17996231278069695e+03
 5.86346363037167066e+02  1.18280189256957465e+03
 6.02190859335468872e+02  1.18555639973060011e+03
 6.18035355633770678e+02  1.18826040956917177e+03
 6.33879851932072484e+02  1.19094913218335569e+03
 6.49724348230374403e+02  1.19329578494861698e+03
 6.65568844528676209e+02  1.19556503572057181e+03
 6.81413340826978015e+02  1.19779282372378134e+03
 6.97257837125279821e+02  1.19998217747871513e+03
 7.13102333423581626e+02  1.20216893702917810e+03
 7.28946829721883432e+02  1.20429000508656759e+03
 7.44791326020185238e+02  1.20644628259909291e+03
 7.60635822318487044e+02  1.20854104811705838e+03
 7.76480318616788850e+02  1.21064124543973094e+03
