This file contains melting curve densities for one or more "CustomSolutionzolotov2009 = Na+: 0.301, Cl-: 0.301, K+: 0.01, Ca+2: 0.1, SO4-2: 0.301, Mg+2: 0.1" salinity values.
  w_ppt = 0.000
P (MPa)                  rho_0.000 (kg/m3)       
 1.00000000000000006e-01  1.00018863256672796e+03
 2.91989795918368022e+00  1.00115935192425718e+03
 5.73979591836735992e+00  1.00258437722694282e+03
 8.55969387755103917e+00  1.00399780654476115e+03
 1.13795918367347202e+01  1.00541026636833737e+03
 1.41994897959184012e+01  1.00681287770924769e+03
 1.70193877551020805e+01  1.00821181385553746e+03
 1.98392857142857615e+01  1.00960670538092518e+03
 2.26591836734694425e+01  1.01099281979033174e+03
 2.54790816326531235e+01  1.01237502555177616e+03
 2.82989795918368046e+01  1.01375176045841806e+03
 3.11188775510204820e+01  1.01512310489660558e+03
 3.39387755102041595e+01  1.01648787600750984e+03
 3.67586734693878441e+01  1.01785132149543381e+03
 3.95785714285715216e+01  1.01920502101902514e+03
 4.23984693877552061e+01  1.02055972557470568e+03
 4.52183673469388836e+01  1.02190231496311571e+03
 4.80382653061225611e+01  1.02323865761305512e+03
 5.08581632653062456e+01  1.02458319691816837e+03
 5.36780612244899231e+01  1.02590880959299875e+03
 5.64979591836736077e+01  1.02724559407927882e+03
 5.93178571428572852e+01  1.02856047065731354e+03
 6.21377551020409626e+01  1.02986910699689906e+03
 6.49576530612246330e+01  1.03119358335735183e+03
 6.77775510204083105e+01  1.03249147028348830e+03
 7.05974489795920022e+01  1.03380814427015503e+03
 7.34173469387756796e+01  1.03510192190570842e+03
 7.62372448979593571e+01  1.03638335810061972e+03
 7.90571428571430346e+01  1.03768807263985377e+03
 8.18770408163267120e+01  1.03896660600663631e+03
 8.46969387755104037e+01  1.04026395117936886e+03
 8.75168367346940812e+01  1.04153310527619237e+03
 9.03367346938777587e+01  1.04278830214524578e+03
 9.31566326530614361e+01  1.04407400933962754e+03
 9.59765306122451136e+01  1.04532839687875480e+03
 9.87964285714288053e+01  1.04661665138703620e+03
 1.01616326530612483e+02  1.04785220777401855e+03
 1.04436224489796160e+02  1.04909240556316672e+03
 1.07256122448979838e+02  1.05037053696959765e+03
 1.10076020408163515e+02  1.05160206330971960e+03
 1.12895918367347207e+02  1.05287400936813060e+03
 1.15715816326530884e+02  1.05408523156116598e+03
 1.18535714285714562e+02  1.05530280546856261e+03
 1.21355612244898239e+02  1.05656469648481720e+03
 1.24175510204081917e+02  1.05777372018953838e+03
 1.26995408163265594e+02  1.05902946403066881e+03
 1.29815306122449272e+02  1.06022999706653013e+03
 1.32635204081632963e+02  1.06142566550348715e+03
 1.35455102040816627e+02  1.06267174319264927e+03
 1.38275000000000318e+02  1.06387313701555604e+03
